1 1 99
2 2 98
3 3 97
4 4 96
5 5 95
6 6 94
7 7 93
8 8 92
9 9 91
10 10 90
11 11 89
12 12 88
13 13 87
14 14 86
15 15 85
16 16 84
17 17 83
18 18 82
19 19 81
20 20 80
21 21 79
22 22 78
23 23 77
24 24 76
25 25 75
26 26 74
27 27 73
28 28 72
29 29 71
30 30 70
31 31 69
32 32 68
33 33 67
34 34 66
35 35 65
36 36 64
37 37 63
38 38 62
39 39 61
40 40 60
41 41 59
42 42 58
43 43 57
44 44 56
45 45 55
46 46 54
47 47 53
48 48 52
49 49 51
50 50 50
51 51 49
52 52 48
53 53 47
54 54 46
55 55 45
56 56 44
57 57 43
58 58 42
59 59 41
60 60 40
61 61 39
62 62 38
63 63 37
64 64 36
65 65 35
66 66 34
67 67 33
68 68 32
69 69 31
70 70 30
71 71 29
72 72 28
73 73 27
74 74 26
75 75 25
76 76 24
77 77 23
78 78 22
79 79 21
80 80 20
81 81 19
82 82 18
83 83 17
84 84 16
85 85 15
86 86 14
87 87 13
88 88 12
89 89 11
90 90 10
91 91 9
92 92 8
93 93 7
94 94 6
95 95 5
96 96 4
97 97 3
98 98 2
99 99 1
